#'Release dates of R
#'
#'@export
R.release.dates <- structure(
  c(15798, 15841, 15973, 16135, 16170, 16261, 16374, 
    16503, 16541, 16604, 16661, 16779, 16870, 16905, 16924, 16973, 
    17105, 17231, 17277, 17347, 17437, 17500, 17605, 17644, 17714,
    17885, 18019, 18089, 18249, 18328
  ), class = "Date", .Names = c(
    "3.0.0", "3.0.1", "3.0.2", "3.0.3", 
    "3.1.0", "3.1.1", "3.1.2", "3.1.3", "3.2.0", "3.2.1", "3.2.2", 
    "3.2.3", "3.2.4", "3.2.5", "3.3.0", "3.3.1", "3.3.2", "3.3.3", 
    "3.4.0", "3.4.1", "3.4.2", "3.4.3", "3.4.4", "3.5.0", "3.5.1",
    "3.5.2", "3.6.0", "3.6.1", "3.6.2", "3.6.3"
  ))
